function CheckQuest()
    local Lv = game:GetService("Players").LocalPlayer.Data.Level.Value
        if Lv == 1 or Lv <= 9 then
            Mon = "Bandit [Lv. 5]"
            NameMon = "Bandit"
            LvQuest = 1
            NameQuest = "BanditQuest1"
            CFrameMon = CFrame.new(1038.2711181640625, 24.537282943725586, 1550.2586669921875)
            CFrameQuest = CFrame.new(1059.8109130859375, 16.362747192382812, 1549.0882568359375)
        elseif Lv == 10 or Lv <= 14 then
            Mon = "Monkey [Lv. 14]"
            NameMon = "Monkey"
            LvQuest = 1
            NameQuest = "JungleQuest"
            CFrameMon = CFrame.new(-1127.8330078125, 40.463863372802734, -528.5481567382812)
            CFrameQuest = CFrame.new(-1599.8194580078125, 36.852149963378906, 153.0706024169922)
            elseif Lv == 15 or Lv <= 29 then
              Mon = "Gorilla [Lv. 20]"
              NameMon = "Gorilla"
              LvQuest = 2
              NameQuest = "JungleQuest"
              CFrameMon = CFrame.new(-1443.7662353515625, 61.851966857910156, -47.555946350097656)
              CFrameQuest = CFrame.new(-1599.8194580078125, 36.852149963378906, 153.0706024169922) 
              elseif Lv == 30 or Lv <= 39 then
                Mon = "Pirate [Lv. 35]"
                NameMon = "Pirate"
                LvQuest = 1
                NameQuest = "Pirate Adventurer"
                CFrameMon = CFrame.new(-1215.8685302734375, 4.752062797546387, 3913.4619140625)
                CFrameQuest = CFrame.new(-1139.6688232421875, 4.744837284088135, 3830.28759765625)
                elseif Lv == 40 or Lv <= 59 then
                  Mon = "Brute [Lv. 45]"
                  NameMon = "Brute"
                  LvQuest = 2
                  NameQuest = "Pirate Adventurer"
                  CFrameMon = CFrame.new(-1134.11083984375, 93.2593765258789, 4317.9599609375)
                  CFrameQuest = CFrame.new(-1139.6688232421875, 4.744837284088135, 3830.28759765625)
                  elseif Lv == 60 or Lv <= 74 then
                    Mon = "Desert Bandit [Lv. 60]"
                    NameMon = "Desert Bandit"
                    LvQuest = 1
                    NameQuest = "Desert Adventurer"
                    CFrameMon = CFrame.new(1049.02587890625, 50.39576721191406, 4488.47900390625)
                    CFrameQuest = CFrame.new(896.3983154296875, 6.437349796295166, 4391.86376953125)
                    elseif Lv == 75 ro Lv <= 89 then
                        Mon = "Desert Officer [Lv. 70]]"
                        NameMon = "Desert Officer"
                        LvQuest = 2
                        NameQuest = "Desert Adventurer"
                        CFrameMon = CFrame.new(1578.912353515625, 9.427383422851562, 4373.2890625)
                        CFrameQuest = CFrame.new(896.3983154296875, 6.437349796295166, 4391.86376953125)
                        elseif Lv == 90 or Lv <= 99 then -- Snow Bandits
                            Nonquest = false
                            Mon = "Snow Bandit [Lv. 90]"
                            NameQuest = "SnowQuest"
                            LvQuest = 1
                            NameMon = "Snow Bandits"
                            CFrameQuest = CFrame.new(1389.74451, 86.6520844, -1298.90796, -0.342042685, 0, 0.939684391, 0, 1, 0, -0.939684391, 0, -0.342042685)
                            CFrameMon = CFrame.new(1412.92346, 55.3503647, -1260.62036, -0.246266365, -0.0169920288, -0.969053388, 0.000432241941, 0.999844253, -0.0176417865, 0.969202161, -0.00476344163, -0.246220857)
                            elseif Lv == 100 or Lv <= 119 then -- Snowman
                                Nonquest = false
                                Mon = "Snowman [Lv. 100]"
                                NameQuest = "SnowQuest"
                                LvQuest = 2
                                NameMon = "Snowman"
                                CFrameQuest = CFrame.new(1389.74451, 86.6520844, -1298.90796, -0.342042685, 0, 0.939684391, 0, 1, 0, -0.939684391, 0, -0.342042685)
                                CFrameMon = CFrame.new(1376.86401, 97.2779999, -1396.93115, -0.986755967, 7.71178321e-08, -0.162211925, 7.71531674e-08, 1, 6.08143536e-09, 0.162211925, -6.51427134e-09, -0.986755967)
                                elseif Lv == 120 or Lv <= 149 then -- Chief Petty Officer
                                    Nonquest = false
                                    Mon = "Chief Petty Officer [Lv. 120]"
                                    NameQuest = "MarineQuest2"
                                    LvQuest = 1
                                    NameMon = "Chief Petty Officer"
                                    CFrameQuest = CFrame.new(-5039.58643, 27.3500385, 4324.68018, 0, 0, -1, 0, 1, 0, 1, 0, 0)
                                    CFrameMon = CFrame.new(-4882.8623, 22.6520386, 4255.53516, 0.273695946, -5.40380647e-08, -0.96181643, 4.37720793e-08, 1, -4.37274998e-08, 0.96181643, -3.01326679e-08, 0.273695946)
                                    elseif Lv == 150 or Lv <= 174 then -- Sky Bandit
                                        Nonquest = false
                                        Mon = "Sky Bandit [Lv. 150]"
                                        NameQuest = "SkyQuest"
                                        LvQuest = 1
                                        NameMon = "Sky Bandit"
                                        CFrameQuest = CFrame.new(-4839.53027, 716.368591, -2619.44165, 0.866007268, 0, 0.500031412, 0, 1, 0, -0.500031412, 0, 0.866007268)
                                        CFrameMon = CFrame.new(-4959.51367, 365.39267, -2974.56812, 0.964867651, 7.74418396e-08, 0.262737453, -6.95931988e-08, 1, -3.91783708e-08, -0.262737453, 1.95171506e-08, 0.964867651)
                                    elseif Lv == 175 or Lv <= 189 then -- Dark Master
                                        Nonquest = false
                                        Mon = "Dark Master [Lv. 175]"
                                        NameQuest = "SkyQuest"
                                        LvQuest = 2
                                        NameMon = "Dark Master"
                                        CFrameQuest = CFrame.new(-4839.53027, 716.368591, -2619.44165, 0.866007268, 0, 0.500031412, 0, 1, 0, -0.500031412, 0, 0.866007268)
                                        CFrameMon = CFrame.new(-5079.98096, 376.477356, -2194.17139, 0.465965867, -3.69776352e-08, 0.884802461, 3.40249851e-09, 1, 4.00000886e-08, -0.884802461, -1.56281423e-08, 0.465965867)
                                        elseif Lv == 190 or Lv <= 209 then
                                            Nonquest = false
                                            Mon = "Prisoner [Lv. 190]"
                                            LevMonQuest = 1
                                            NameQuest = "PrisonerQuest"
                                            NameMon = "Prisoner"
                                            CFrameQuest = CFrame.new(5308.93115, 1.65517521, 475.120514, -0.0894274712, -5.00292918e-09, -0.995993316, 1.60817859e-09, 1, -5.16744869e-09, 0.995993316, -2.06384709e-09, -0.0894274712)
                                            CFrameMon = CFrame.new(5433.39307, 88.678093, 514.986877, 0.879988372, 0, -0.474995494, 0, 1, 0, 0.474995494, 0, 0.879988372)
                                            elseif Lv == 210 or Lv <= 249 then
                                                Nonquest = false
                                                Mon = "Gladiator [Lv. 275]"
                                                NameQuest = "ColosseumQuest"
                                                LvQuest = 2
                                                NameMon = "Gladiato"
                                                CFrameQuest = CFrame.new(-1576.11743, 7.38933945, -2983.30762, 0.576966345, 1.22114863e-09, 0.816767931, -3.58496594e-10, 1, -1.24185606e-09, -0.816767931, 4.2370063e-10, 0.576966345)
                                                CFrameMon = CFrame.new(-1274.75903, 58.1895943, -3188.16309, 0.464524001, 6.21005611e-08, 0.885560572, -4.80449414e-09, 1, -6.76054768e-08, -0.885560572, 2.71497012e-08, 0.464524001)
                                                elseif Lv == 300 or Lv <= 329 then -- Military Soldier
                                                    Nonquest = false
                                                    Mon = "Military Soldier [Lv. 300]"
                                                    NameQuest = "MagmaQuest"
                                                    LvQuest = 1
                                                    NameMon = "Military Soldier"
                                                    CFrameQuest = CFrame.new(-5316.55859, 12.2370615, 8517.2998, 0.588437557, -1.37880001e-08, -0.808542669, -2.10116209e-08, 1, -3.23446478e-08, 0.808542669, 3.60215964e-08, 0.588437557)
                                                    CFrameMon = CFrame.new(-5363.01123, 41.5056877, 8548.47266, -0.578253984, -3.29503091e-10, 0.815856814, 9.11209668e-08, 1, 6.498761e-08, -0.815856814, 1.11920997e-07, -0.578253984)
                                                    elseif Lv == 330 or Lv <= 374 then -- Military Spy
                                                        Nonquest = false
                                                        Mon = "Military Spy [Lv. 325]"
                                                        NameQuest = "MagmaQuest"
                                                        LvQuest = 2
                                                        NameMon = "Military Spy"
                                                        CFrameQuest = CFrame.new(-5316.55859, 12.2370615, 8517.2998, 0.588437557, -1.37880001e-08, -0.808542669, -2.10116209e-08, 1, -3.23446478e-08, 0.808542669, 3.60215964e-08, 0.588437557)
                                                        CFrameMon = CFrame.new(-5787.99023, 120.864456, 8762.25293, -0.188358366, -1.84706277e-08, 0.982100308, -1.23782129e-07, 1, -4.93306951e-09, -0.982100308, -1.22495649e-07, -0.188358366)
                                                        elseif Lv == 375 or Lv <= 399 then -- Fishman Warrior
                                                            Nonquest = false
                                                            Mon = "Fishman Warrior [Lv. 375]"
                                                            NameQuest = "FishmanQuest"
                                                            LvQuest = 1
                                                            NameMon = "Fishman Warrior"
                                                            CFrameQuest = CFrame.new(61122.5625, 18.4716396, 1568.16504, 0.893533468, 3.95251609e-09, 0.448996574, -2.34327455e-08, 1, 3.78297464e-08, -0.448996574, -4.43233645e-08, 0.893533468)
                                                            CFrameMon = CFrame.new(60946.6094, 48.6735229, 1525.91687, -0.0817126185, 8.90751153e-08, 0.996655822, 2.00889794e-08, 1, -8.77269599e-08, -0.996655822, 1.28533992e-08, -0.0817126185)
                                                            elseif Lv == 400 or Lv <= 449 then -- Fishman Commando
                                                                Nonquest = false
                                                                Mon = "Fishman Commando [Lv. 400]"
                                                                NameQuest = "FishmanQuest"
                                                                LvQuest = 2
                                                                NameMon = "Fishman Commando"
                                                                CFrameQuest = CFrame.new(61122.5625, 18.4716396, 1568.16504)
                                                                CFrameMon = CFrame.new(60946.6094, 48.6735229, 1525.916871)
                                                                elseif Lv == 450 or Lv <= 474 then 
                                                                    Nonquest = false
                                                                    Mon = "God's Guard [Lv. 450]"
                                                                    NameQuest = "SkyExp1Quest"
                                                                    LvQuest = 1
                                                                    NameMon = "God's Guards"
                                                                    CFrameQuest = CFrame.new(-4721.71436, 845.277161, -1954.20105)
                                                                    CFrameMon = CFrame.new(-4716.95703, 853.089722, -1933.925427)
                                                                    elseif Lv == 475 or Lv <= 524 then 
                                                                        Nonquest = false
                                                                        Mon = "Shanda [Lv. 475]"
                                                                        NameQuest = "SkyExp1Quest"
                                                                        LvQuest = 2
                                                                        NameMon = "Shandas"
                                                                        CFrameQuest = CFrame.new(-7859.09814, 5544.19043, -381.476196, -0.422592998, 0, 0.906319618, 0, 1, 0, -0.906319618, 0, -0.422592998)
                                                                        CFrameMon = CFrame.new(-7904.57373, 5584.37646, -459.62973, 0.65171206, 5.11171692e-08, 0.758466363, -4.76232476e-09, 1, -6.33034247e-08, -0.758466363, 3.76435416e-08, 0.65171206)
                                                                        elseif Lv == 525 or Lv <= 549 then -- Royal Squad
                                                                            Nonquest = false
                                                                            Mon = "Royal Squad [Lv. 525]"
                                                                            NameQuest = "SkyExp2Quest"
                                                                            LvQuest = 1
                                                                            NameMon = "Royal Squad"
                                                                            CFrameQuest = CFrame.new(-7906.81592, 5634.6626, -1411.99194, 0, 0, -1, 0, 1, 0, 1, 0, 0)
                                                                            CFrameMon = CFrame.new(-7555.04199, 5606.90479, -1303.24744, -0.896107852, -9.6057462e-10, -0.443836004, -4.24974544e-09, 1, 6.41599973e-09, 0.443836004, 7.63560326e-09, -0.896107852)
                                                                            elseif Lv == 550 or Lv <= 624 then -- Royal Soldier
                                                                                Nonquest = false
                                                                                Mon = "Royal Soldier [Lv. 550]"
                                                                                NameQuest = "SkyExp2Quest"
                                                                                LvQuest = 2
                                                                                NameMon = "Royal Soldier"
                                                                                CFrameQuest = CFrame.new(-7906.81592, 5634.6626, -1411.99194, 0, 0, -1, 0, 1, 0, 1, 0, 0)
                                                                                CFrameMon = CFrame.new(-7837.31152, 5649.65186, -1791.08582, -0.716008604, 0.0104285581, -0.698013008, 5.02521061e-06, 0.99988848, 0.0149335321, 0.69809103, 0.0106890313, -0.715928733)
                                                                                elseif Lv == 625 or Lv <= 649 then -- Galley Pirate
                                                                                    Nonquest = false
                                                                                    Mon = "Galley Pirate [Lv. 625]"
                                                                                    NameQuest = "FountainQuest"
                                                                                    LvQuest = 1
                                                                                    NameMon = "Galley Pirate"
                                                                                    CFrameQuest = CFrame.new(5259.81982, 37.3500175, 4050.0293, 0.087131381, 0, 0.996196866, 0, 1, 0, -0.996196866, 0, 0.087131381)
                                                                                    CFrameMon = CFrame.new(5569.80518, 38.5269432, 3849.01196, 0.896460414, 3.98027495e-08, 0.443124533, -1.34262139e-08, 1, -6.26611296e-08, -0.443124533, 5.02237434e-08, 0.896460414)
                                                                                    elseif Lv >= 650 then -- Galley Captain
                                                                                        Nonquest = false
                                                                                        Mon = "Galley Captain [Lv. 650]"
                                                                                        NameQuest = "FountainQuest"
                                                                                        LvQuest = 2
                                                                                        NameMon = "Galley Captain"
                                                                                        CFrameQuest = CFrame.new(5259.81982, 37.3500175, 4050.0293, 0.087131381, 0, 0.996196866, 0, 1, 0, -0.996196866, 0, 0.087131381)
                                                                                        CFrameMon = CFrame.new(5782.90186, 94.5326462, 4716.78174, 0.361808896, -1.24757526e-06, -0.932252586, 2.16989656e-06, 1, -4.96097414e-07, 0.932252586, -1.84339774e-06, 0.361808896)
                        
   end 
end

do  local ui =  game:GetService("CoreGui"):FindFirstChild("SwX-Lib")  if ui then ui:Destroy() end end
do  local blur =  game:GetService("Lighting"):FindFirstChild("Blurrr")  if blur then blur:Destroy() end end

local UserInputService = game:GetService("UserInputService")
local TweenService = game:GetService("TweenService")
local RunService = game:GetService("RunService")
local LocalPlayer = game:GetService("Players").LocalPlayer
local Mouse = LocalPlayer:GetMouse()
local WETLib = Instance.new("ScreenGui")

local function tablefound(ta, object)
    for i,v in pairs(ta) do
        if v == object then
            return true
        end
    end
    return false
end


local function Tween(instance, properties,style,wa)
    if style == nil or "" then
        return Back
    end
    tween:Create(instance,TweenInfo.new(wa,Enum.EasingStyle[style]),{properties}):Play()
end

local ActualTypes = {
    RoundFrame = "ImageLabel",
    Shadow = "ImageLabel",
    Circle = "ImageLabel",
    CircleButton = "ImageButton",
    Frame = "Frame",
    Label = "TextLabel",
    Button = "TextButton",
    SmoothButton = "ImageButton",
    Box = "TextBox",
    ScrollingFrame = "ScrollingFrame",
    Menu = "ImageButton",
    NavBar = "ImageButton"
}

local Properties = {
    RoundFrame = {
        BackgroundTransparency = 1,
        Image = "http://www.roblox.com/asset/?id=5554237731",
        ScaleType = Enum.ScaleType.Slice,
        SliceCenter = Rect.new(3,3,297,297)
    },
    SmoothButton = {
        AutoButtonColor = false,
        BackgroundTransparency = 1,
        Image = "http://www.roblox.com/asset/?id=5554237731",
        ScaleType = Enum.ScaleType.Slice,
        SliceCenter = Rect.new(3,3,297,297)
    },
    Shadow = {
        Name = "Shadow",
        BackgroundTransparency = 1,
        Image = "http://www.roblox.com/asset/?id=5554236805",
        ScaleType = Enum.ScaleType.Slice,
        SliceCenter = Rect.new(23,23,277,277),
        Size = UDim2.fromScale(1,1) + UDim2.fromOffset(30,30),
        Position = UDim2.fromOffset(-15,-15)
    },
    Circle = {
        BackgroundTransparency = 1,
        Image = "http://www.roblox.com/asset/?id=5554831670"
    },
    CircleButton = {
        BackgroundTransparency = 1,
        AutoButtonColor = false,
        Image = "http://www.roblox.com/asset/?id=5554831670"
    },
    Frame = {
        BackgroundTransparency = 1,
        BorderSizePixel = 0,
        Size = UDim2.fromScale(1,1)
    },
    Label = {
        BackgroundTransparency = 1,
        Position = UDim2.fromOffset(5,0),
        Size = UDim2.fromScale(1,1) - UDim2.fromOffset(5,0),
        TextSize = 14,
        TextXAlignment = Enum.TextXAlignment.Left
    },
    Button = {
        BackgroundTransparency = 1,
        Position = UDim2.fromOffset(5,0),
        Size = UDim2.fromScale(1,1) - UDim2.fromOffset(5,0),
        TextSize = 14,
        TextXAlignment = Enum.TextXAlignment.Left
    },
    Box = {
        BackgroundTransparency = 1,
        Position = UDim2.fromOffset(5,0),
        Size = UDim2.fromScale(1,1) - UDim2.fromOffset(5,0),
        TextSize = 14,
        TextXAlignment = Enum.TextXAlignment.Left
    },
    ScrollingFrame = {
        BackgroundTransparency = 1,
        ScrollBarThickness = 0,
        CanvasSize = UDim2.fromScale(0,0),
        Size = UDim2.fromScale(1,1)
    },
    Menu = {
        Name = "More",
        AutoButtonColor = false,
        BackgroundTransparency = 1,
        Image = "http://www.roblox.com/asset/?id=5555108481",
        Size = UDim2.fromOffset(20,20),
        Position = UDim2.fromScale(1,0.5) - UDim2.fromOffset(25,10)
    },
    NavBar = {
        Name = "SheetToggle",
        Image = "http://www.roblox.com/asset/?id=5576439039",
        BackgroundTransparency = 1,
        Size = UDim2.fromOffset(20,20),
        Position = UDim2.fromOffset(5,5),
        AutoButtonColor = false
    }
}

local Types = {
    "RoundFrame",
    "Shadow",
    "Circle",
    "CircleButton",
    "Frame",
    "Label",
    "Button",
    "SmoothButton",
    "Box",
    "ScrollingFrame",
    "Menu",
    "NavBar"
}

function FindType(String)
    for _, Type in next, Types do
        if Type:sub(1, #String):lower() == String:lower() then
            return Type
        end
    end
    return false
end

local Objects = {}

function Objects.new(Type)
    local TargetType = FindType(Type)
    if TargetType then
        local NewImage = Instance.new(ActualTypes[TargetType])
        if Properties[TargetType] then
            for Property, Value in next, Properties[TargetType] do
                NewImage[Property] = Value
            end
        end
        return NewImage
    else
        return Instance.new(Type)
    end
end

local function GetXY(GuiObject)
    local Max, May = GuiObject.AbsoluteSize.X, GuiObject.AbsoluteSize.Y
    local Px, Py = math.clamp(Mouse.X - GuiObject.AbsolutePosition.X, 0, Max), math.clamp(Mouse.Y - GuiObject.AbsolutePosition.Y, 0, May)
    return Px/Max, Py/May
end

local function CircleAnim(GuiObject, EndColour, StartColour)
    local PX, PY = GetXY(GuiObject)
    local Circle = Objects.new("Circle")
    Circle.Size = UDim2.fromScale(0,0)
    Circle.Position = UDim2.fromScale(PX,PY)
    Circle.ImageColor3 = StartColour or GuiObject.ImageColor3
    Circle.ZIndex = 200
    Circle.Parent = GuiObject
    local Size = GuiObject.AbsoluteSize.X
    TweenService:Create(Circle, TweenInfo.new(0.5), {Position = UDim2.fromScale(PX,PY) - UDim2.fromOffset(Size/2,Size/2), ImageTransparency = 1, ImageColor3 = EndColour, Size = UDim2.fromOffset(Size,Size)}):Play()
    spawn(function()
        wait(0.5)
        Circle:Destroy()
    end)
end

WETLib.Name = WET-Lib"
WETLib.Parent = game.CoreGui
WETLib.ZIndexBehavior = Enum.ZIndexBehavior.Sibling


local lib = {}

function lib:main()

    local blur = Instance.new('BlurEffect')
    blur.Name = "Blurrr"
    blur.Parent = game.Lighting
    blur.Size = 0

    TweenService:Create(
        blur,
        TweenInfo.new(.2, Enum.EasingStyle.Quad, Enum.EasingDirection.Out,0.1),
        {Size = 30}
    ):Play()

    local Top = Instance.new("Frame")
        
    Top.Name = "Top"
    Top.Parent = WETLib
    Top.BackgroundColor3 = Color3.fromRGB(52, 52, 52)
    Top.BackgroundTransparency = 0.500
    Top.BorderSizePixel = 0
    Top.Size = UDim2.new(0, 0, 0, 65)
    Top.ClipsDescendants = true
    TweenService:Create(Top,TweenInfo.new(0.8, Enum.EasingStyle.Quad, Enum.EasingDirection.Out),{Size = UDim2.new(0, 1679, 0, 65)}):Play()    

    local HomeButton = Instance.new("ImageButton")
    local ScrollingTab = Instance.new("ScrollingFrame")
    local UIListLayout_Tab = Instance.new("UIListLayout")
    local UIPadding_Tab = Instance.new("UIPadding")

    HomeButton.Name = "HomeButton"
    HomeButton.Parent = Top
    HomeButton.BackgroundColor3 = Color3.fromRGB(255, 255, 255)
    HomeButton.BackgroundTransparency = 1.000
    HomeButton.Position = UDim2.new(0.00892857183, 0, 0.0461538471, 0)
    HomeButton.Size = UDim2.new(0, 59, 0, 59)
    HomeButton.Image = "rbxassetid://12514442821"
    
    ScrollingTab.Name = "ScrollingTab"
    ScrollingTab.Parent = Top
    ScrollingTab.Active = true
    ScrollingTab.BackgroundColor3 = Color3.fromRGB(255, 255, 255)
    ScrollingTab.BackgroundTransparency = 1.000
    ScrollingTab.BorderSizePixel = 0
    ScrollingTab.Position = UDim2.new(0.1586501, 0, 0.200000003, 0)
    ScrollingTab.Size = UDim2.new(0, 1146, 0, 39)
    ScrollingTab.CanvasSize = UDim2.new(0, 0, 0, 0)
    ScrollingTab.ScrollBarThickness = 0

    UIListLayout_Tab.Name = "UIListLayout_Tab"
    UIListLayout_Tab.Parent = ScrollingTab
    UIListLayout_Tab.FillDirection = Enum.FillDirection.Horizontal
    UIListLayout_Tab.SortOrder = Enum.SortOrder.LayoutOrder
    UIListLayout_Tab.Padding = UDim.new(0, 10)
    
    UIPadding_Tab.Name = "UIPadding_Tab"
    UIPadding_Tab.Parent = ScrollingTab
    UIPadding_Tab.PaddingLeft = UDim.new(0, 10)

    local Main = Instance.new("Frame")
    local UICornerMain = Instance.new("UICorner")
    local ImageLabel = Instance.new("ImageLabel")
    local Page = Instance.new("Frame")
    local UICorner = Instance.new("UICorner")

        
    Main.Name = "Main"
    Main.Parent = WETLib
    Main.AnchorPoint = Vector2.new(0.5, 0.5)
    Main.BackgroundColor3 = Color3.fromRGB(17, 17, 17)
    Main.ClipsDescendants = true
    Main.Position = UDim2.new(0.499702215, 0, 0.5, 0)
    Main.Size = UDim2.new(0, 0, 0, 0)
    Main.ClipsDescendants = true
    TweenService:Create(Main,TweenInfo.new(0.5, Enum.EasingStyle.Quad, Enum.EasingDirection.Out),{Size = UDim2.new(0, 1441, 0, 810)}):Play() 

    UICornerMain.CornerRadius = UDim.new(0, 10)
    UICornerMain.Name = "UICorner-Main"
    UICornerMain.Parent = Main

    ImageLabel.Parent = Main
    ImageLabel.BackgroundColor3 = Color3.fromRGB(255, 255, 255)
    ImageLabel.BackgroundTransparency = 1.000
    ImageLabel.Position = UDim2.new(0.0117973629, 0, -0.476543188, 0)
    ImageLabel.Size = UDim2.new(0, 1407, 0, 1518)
    ImageLabel.Image = "http://www.roblox.com/asset/?id=12514442821"
    ImageLabel.ImageTransparency = 0.500

    Page.Name = "Page"
    Page.Parent = Main
    Page.BackgroundColor3 = Color3.fromRGB(15, 15, 15)
    Page.BackgroundTransparency = 0.150
    Page.Position = UDim2.new(0.0138792507, 0, 0.0320987664, 0)
    Page.Size = UDim2.new(0, 1400, 0, 758)
    Page.ClipsDescendants = true

    UICorner.CornerRadius = UDim.new(0, 10)
    UICorner.Parent = Page

    local FolderPage = Instance.new("Folder")
    local UIPageLayout = Instance.new("UIPageLayout")

    FolderPage.Name = "FolderPage"
    FolderPage.Parent = Page

    UIPageLayout.Parent = FolderPage
    UIPageLayout.SortOrder = Enum.SortOrder.LayoutOrder
    UIPageLayout.Padding = UDim.new(0, 15)
    UIPageLayout.TweenTime = 0.500
    uihide = false
    UserInputService.InputBegan:Connect(function(input)
		if input.KeyCode == Enum.KeyCode.RightControl then
			if uihide == false then
				uihide = true
                pcall(Main:TweenSize(UDim2.new(0, 0, 0, 0),"In","Quad",0.4,true)) wait()
                pcall(Top:TweenSize(UDim2.new(0, 0, 0, 65),"In","Quad",0.2,true)) wait()
                TweenService:Create(
                    blur,
                    TweenInfo.new(.5, Enum.EasingStyle.Quad, Enum.EasingDirection.Out,0.1),
                    {Size = 0}
                ):Play()
			else
				uihide = false
				pcall(Main:TweenSize(UDim2.new(0, 1441, 0, 810),"Out","Back",0.4,true)) wait()
				pcall(Top:TweenSize(UDim2.new(0, 1679, 0, 65),"Out","Back",0.2,true)) wait()
                TweenService:Create(
                    blur,
                    TweenInfo.new(.5, Enum.EasingStyle.Quad, Enum.EasingDirection.Out,0.1),
                    {Size = 30}
                ):Play()
			end
		end
	end)

    local tabs = {}

    function tabs:Tab(options)
        local TitleHander = options.titel
        local LogoIcon = options.logo

        if LogoIcon == nil then
            LogoIcon = '12514442821'
        end

        local TabFrame = Instance.new("Frame")
        local TabUICorner = Instance.new("UICorner")
        local IconTab = Instance.new("ImageLabel")
        local TabHeadle = Instance.new("TextLabel")
        local TabButton = Instance.new("TextButton")

        TabFrame.Name = "TabFrame"
        TabFrame.Parent = ScrollingTab
        TabFrame.BackgroundColor3 = Color3.fromRGB(35, 35, 35)
        TabFrame.BackgroundTransparency = 0.150
        TabFrame.ClipsDescendants = true
        TabFrame.Size = UDim2.new(0, 185, 0, 39)

        TabUICorner.CornerRadius = UDim.new(0, 5)
        TabUICorner.Name = "TabUICorner"
        TabUICorner.Parent = TabFrame

        IconTab.Name = "IconTab"
        IconTab.Parent = TabFrame
        IconTab.BackgroundColor3 = Color3.fromRGB(255, 255, 255)
        IconTab.BackgroundTransparency = 1.000
        IconTab.Position = UDim2.new(0.0396396443, 0, 0.0769230798, 0)
        IconTab.Size = UDim2.new(0, 35, 0, 33)
        IconTab.Image = "rbxassetid://"..LogoIcon

        TabHeadle.Name = "TabHeadle"
        TabHeadle.Parent = TabFrame
        TabHeadle.BackgroundColor3 = Color3.fromRGB(255, 255, 255)
        TabHeadle.BackgroundTransparency = 1.000
        TabHeadle.BorderColor3 = Color3.fromRGB(27, 42, 53)
        TabHeadle.Position = UDim2.new(0.266723961, 0, 0.128205135, 0)
        TabHeadle.Size = UDim2.new(0, 135, 0, 28)
        TabHeadle.Font = Enum.Font.GothamBold
        TabHeadle.Text = TitleHander
        TabHeadle.TextColor3 = Color3.fromRGB(193, 193, 193)
        TabHeadle.TextSize = 14.000
        TabHeadle.TextXAlignment = Enum.TextXAlignment.Left

        TabButton.Name = "TabButton"
        TabButton.Parent = TabFrame
        TabButton.BackgroundColor3 = Color3.fromRGB(255, 255, 255)
        TabButton.BackgroundTransparency = 1.000
        TabButton.Size = UDim2.new(0, 185, 0, 39)
        TabButton.Font = Enum.Font.SourceSans
        TabButton.Text = ""
        TabButton.TextColor3 = Color3.fromRGB(0, 0, 0)
        TabButton.TextSize = 14.000

        local PageMain = Instance.new("Frame")
        local ScrollingPage = Instance.new("ScrollingFrame")
        local UIListLayoutPage = Instance.new("UIListLayout")
        local UIPaddingPage = Instance.new("UIPadding")

        PageMain.Name = "PageMain"
        PageMain.Parent = FolderPage
        PageMain.BackgroundColor3 = Color3.fromRGB(255, 255, 255)
        PageMain.BackgroundTransparency = 1.000
        PageMain.Position = UDim2.new(0.0138792507, 0, 0.0320987664, 0)
        PageMain.Size = UDim2.new(0, 1400, 0, 758)
        
        ScrollingPage.Name = "Scrolling Page"
        ScrollingPage.Parent = PageMain
        ScrollingPage.Active = true
        ScrollingPage.BackgroundColor3 = Color3.fromRGB(255, 255, 255)
        ScrollingPage.BackgroundTransparency = 1.000
        ScrollingPage.BorderSizePixel = 0
        ScrollingPage.Size = UDim2.new(0, 1400, 0, 758)
        ScrollingPage.ScrollBarThickness = 0
        ScrollingPage.CanvasSize = UDim2.new(0, 0, 0, 0)

        UIListLayoutPage.Name = "UIListLayout Page"
        UIListLayoutPage.Parent = ScrollingPage
        UIListLayoutPage.FillDirection = Enum.FillDirection.Horizontal
        UIListLayoutPage.SortOrder = Enum.SortOrder.LayoutOrder

        UIPaddingPage.Name = "UIPadding Page"
        UIPaddingPage.Parent = ScrollingPage
        UIPaddingPage.PaddingLeft = UDim.new(0, 10)
        UIPaddingPage.PaddingTop = UDim.new(0, 10)

        local Pageleft = Instance.new("Frame")
        local UIListLayoutPageleft = Instance.new("UIListLayout")
        local UIPaddingPageleft = Instance.new("UIPadding")

        Pageleft.Name = "Pageleft"
        Pageleft.Parent = ScrollingPage
        Pageleft.BackgroundColor3 = Color3.fromRGB(255, 255, 255)
        Pageleft.BackgroundTransparency = 1.000
        Pageleft.Size = UDim2.new(0, 693, 0, 755)

        UIListLayoutPageleft.Name = "UIListLayout Pageleft"
        UIListLayoutPageleft.Parent = Pageleft
        UIListLayoutPageleft.SortOrder = Enum.SortOrder.LayoutOrder
        UIListLayoutPageleft.Padding = UDim.new(0, 5)

        UIPaddingPageleft.Name = "UIPadding Pageleft"
        UIPaddingPageleft.Parent = Pageleft
        UIPaddingPageleft.PaddingLeft = UDim.new(0, 5)
        UIPaddingPageleft.PaddingTop = UDim.new(0, 10)

        local Pageright = Instance.new("Frame")
        local UIListLayoutPageright = Instance.new("UIListLayout")
        local UIPaddingPageright = Instance.new("UIPadding")
        
        Pageright.Name = "Pageright"
        Pageright.Parent = ScrollingPage
        Pageright.BackgroundColor3 = Color3.fromRGB(255, 255, 255)
        Pageright.BackgroundTransparency = 1.000
        Pageright.Size = UDim2.new(0, 693, 0, 755)

        UIListLayoutPageright.Name = "UIListLayout Pageright"
        UIListLayoutPageright.Parent = Pageright
        UIListLayoutPageright.SortOrder = Enum.SortOrder.LayoutOrder
        UIListLayoutPageright.Padding = UDim.new(0, 5)

        UIPaddingPageright.Name = "UIPadding Pageright"
        UIPaddingPageright.Parent = Pageright
        UIPaddingPageright.PaddingLeft = UDim.new(0, 5)
        UIPaddingPageright.PaddingTop = UDim.new(0, 10)

        game:GetService("RunService").Stepped:Connect(function()
            if UIListLayoutPageleft.AbsoluteContentSize.Y > UIListLayoutPageright.AbsoluteContentSize.Y then
                ScrollingPage.CanvasSize = UDim2.new(0, 0, 0, UIListLayoutPageleft.AbsoluteContentSize.Y + 10)
            end
        end)
        game:GetService("RunService").Stepped:Connect(function()
            if UIListLayoutPageright.AbsoluteContentSize.Y > UIListLayoutPageleft.AbsoluteContentSize.Y then
                ScrollingPage.CanvasSize = UDim2.new(0, 0, 0, UIListLayoutPageright.AbsoluteContentSize.Y + 10)
            end
        end)

        game:GetService("RunService").Stepped:Connect(function()
            Pageleft.Size = UDim2.new(0, 693, 0, UIListLayoutPageleft.AbsoluteContentSize.Y + 5)
        end)
        game:GetService("RunService").Stepped:Connect(function()
            Pageright.Size = UDim2.new(0, 693, 0, UIListLayoutPageright.AbsoluteContentSize.Y + 5)
        end)

        game:GetService("RunService").Stepped:Connect(function()
            pcall(function()
                ScrollingTab.CanvasSize = UDim2.new(0,UIListLayout_Tab.AbsoluteContentSize.X + 10,0,0)
            end)
        end)

        local currenttab = ""
        abc = false
        TabButton.MouseButton1Click:connect(function()
            for i,v in next, ScrollingTab:GetChildren() do
                if v:IsA("Frame") then
                    TweenService:Create(
                        v,
                        TweenInfo.new(0.3,Enum.EasingStyle.Quad,Enum.EasingDirection.Out),
                        {BackgroundColor3 = Color3.fromRGB(35, 35, 35)}
                    ):Play()
                end
                TweenService:Create(
                    TabFrame,
                    TweenInfo.new(0.3,Enum.EasingStyle.Quad,Enum.EasingDirection.Out),
                    {BackgroundColor3 = Color3.fromRGB(20, 20, 20)}
                ):Play()
            end
            for i,v in next, FolderPage:GetChildren() do 
                if v.Name == "PageMain" then
                    currenttab = v.Name
                end
                UIPageLayout:JumpTo(PageMain)
            end
        end
        )

		if abc == false then
            for i,v in next, ScrollingTab:GetChildren() do
                if v:IsA("Frame") then
                    TweenService:Create(
                        v,
                        TweenInfo.new(0.3,Enum.EasingStyle.Quad,Enum.EasingDirection.Out),
                        {BackgroundColor3 = Color3.fromRGB(20, 20, 20)}
                    ):Play()
                end
                TweenService:Create(
                    TabFrame,
                    TweenInfo.new(0.3,Enum.EasingStyle.Quad,Enum.EasingDirection.Out),
                    {BackgroundColor3 = Color3.fromRGB(35, 35, 35)}
                ):Play()
            end
            UIPageLayout:JumpToIndex(0)
			abc = true
		end



        local LibraryPage = {}

        function LibraryPage:Page(type)
            local function GetType(value)
                if value == 1 then
                    return Pageleft
                elseif value == 2 then
                    return Pageright
                else
                    return Pageleft
                end
            end  

            local Container_Page = Instance.new("Frame")
            local UICornerContainer_Page = Instance.new("UICorner")
            local UIPaddingContainer_Page = Instance.new("UIPadding")
            local UIListLayoutContainer_Page = Instance.new("UIListLayout")
     
            Container_Page.Name = "Container_Page"
            Container_Page.Parent = GetType(type)
            Container_Page.BackgroundColor3 = Color3.fromRGB(9, 9, 9)
            Container_Page.BackgroundTransparency = 0.200
            Container_Page.Position = UDim2.new(0.0127974451, 0, 0.0141784344, 0)
            Container_Page.Size = UDim2.new(0, 680, 0, 736)

            UICornerContainer_Page.CornerRadius = UDim.new(0, 10)
            UICornerContainer_Page.Name = "UICorner Container_Page"
            UICornerContainer_Page.Parent = Container_Page

            UIPaddingContainer_Page.Name = "UIPadding Container_Page"
            UIPaddingContainer_Page.Parent = Container_Page
            UIPaddingContainer_Page.PaddingLeft = UDim.new(0, 15)
            UIPaddingContainer_Page.PaddingTop = UDim.new(0, 20)

            UIListLayoutContainer_Page.Name = "UIListLayout Container_Page"
            UIListLayoutContainer_Page.Parent = Container_Page
            UIListLayoutContainer_Page.SortOrder = Enum.SortOrder.LayoutOrder
            UIListLayoutContainer_Page.Padding = UDim.new(0, 15)

            game:GetService("RunService").Stepped:Connect(function()
                Container_Page.Size =  UDim2.new(0, 680, 0,UIListLayoutContainer_Page.AbsoluteContentSize.Y + 35)
            end)
            local libitem = {}
            function libitem:Button(title,des,logo,callback)
                local ButtonFrame = Instance.new("Frame")
                local UICornerToggleFrame_2 = Instance.new("UICorner")
                local Hander_Button = Instance.new("TextLabel")
                local DesTitle_Button = Instance.new("TextLabel")
                local ButtonFrameMain = Instance.new("Frame")
                local UICornerButtonFrameMain = Instance.new("UICorner")
                local Imageclick = Instance.new("ImageLabel")
                local Presshere = Instance.new("TextLabel")
